302674242 
455610148 
3925266866 
3469783294 
3877296192 
1606067105 
3782560857 
514919402 
824093169 
3189239809 
2292120396 
226895172 
2386059652 
3412965649 
2054302754 
1754006772 
942676507 
1933639709 
3830212829 
3977370588 
3500510359 
2123055731 
1259716753 
1545588848 
3873436836 
1799926201 
1817377662 
2326746034 
877069771 
3932148229 
1645284320 
1904069771 
854677369 
637982577 
3810408143 
98618499 
2692976775 
1165974680 
3881215920 
2807018340 
2919478264 
2886834829 
2176947585 
1814652617 
3829467360 
3414834465 
2188864689 
2638961546 
722982571 
2114104070 
1672796718 
481254591 
1070491511 
3737635510 
2415411572 
1808374304 
1438356329 
2059943949 
1061418138 
2135648496 
3658553279 
3804458628 
2555831886 
1906347270 
3817593099 
2458288224 
847334257 
3670743731 
1968690944 
1450821439 
1951782897 
1161162928 
1673567755 
2568526208 
665314398 
1827678308 
2660862175 
892714736 
2339529487 
2281793918 
32736875 
3826204848 
3418009493 
1309022153 
1556988463 
2183551225 
2449800838 
2444748653 
3985744008 
2095376863 
3463393171 
2273160656 
2060792941 
1359002571 
4270166058 
2694506822 
18620934 
2182162787 
3051832871 
765077579 
2272651626 
2692739398 
103229763 
2546415143 
2177017816 
1649510583 
1551038560 
1426525563 
2418855216 
1969845233 
3015535864 
1342796535 
875373687 
227557726 
3544424689 
2379050842 
160655697 
4054364623 
3089132130 
1251745873 
214347243 
2048483101 
1025867278 
232215411 
4232380251 
2201411413 
2183703919 
16057887 
928627080 
1116956262 
3987963689 
275785172 
3024900023 
2531135489 
446128935 
1426896068 
2314041410 
857061228 
3111823701 
2014935694 
108527162 
3594454951 
1299591370 
2831637003 
1672555533 
2089974850 
2269141046 
1143010132 
3078770667 
405244707 
2803435042 
1044573638 
2000280806 
2989177533 
321503737 
1021136764 
2189151924 
4292304919 
158868717 
2956604838 
4118034794 
1210940762 
2440326047 
1944089053 
3231846483 
1662373185 
1263509881 
221543565 
3300140954 
3177190959 
1377664812 
3832383668 
612264069 
4291194285 
2494838767 
2889902466 
3457079182 
3197565674 
1447541073 
2298028725 
2274626342 
1463526805 
1663994082 
2867397962 
3894902722 
1903343719 
2452619041 
4226864946 
2137496111 
2823511196 
402073800 
2151655026 
414091503 
3786989435 
710568694 
2341874972 
3756198704 
4070900472 
3417377657 
2867597913 
1357245209 
3737342485 
1316892079 
542073645 
957113284 
3922197782 
1636147791 
863065040 
3832433441 
1823825919 
3240344456 
1504667246 
113966156 
153959045 
2754297962 
330340726 
2012400793 
653099886 
1666581024 
779266410 
2806835357 
970503243 
888227007 
273776776 
269985797 
2825851467 
2802381675 
1553554789 
1644642840 
2177141671 
2344239644 
3376742079 
3178812991 
2062744879 
3905207668 
1917679369 
630045868 
3737508600 
4194891826 
73881480 
4201470329 
4040500821 
2384148601 
1709089399 
2077156288 
2871565218 
4148784901 
2148540541 
3423793429 
797171130 
390762717 
2665309041 
2931861964 
2360656810 
1173120181 
3299368750 
361068281 
768693431 
62264672 
3590689332 
1887722152 
1824666951 
373066992 
1351025113 
2099536298 
2781981356 
3893147512 
2895568132 
2696788341 
2644611120 
2630199541 
1516683424 
3644468712 
3610450100 
3651811737 
3687306680 
2178374214 
631649898 
1178857915 
2946418359 
747570446 
220822038 
3542580312 
468157177 
310281358 
3332567394 
2061658372 
2597558494 
2207459090 
1571756461 
397184610 
1356344858 
160632379 
2047211502 
1677479405 
369919271 
3841006598 
801154951 
1861999871 
3969865845 
86149706 
3825098650 
4081959848 
145885094 
3438377101 
3398942264 
3480734851 
2862842842 
3272676897 
852717689 
4057677127 
3457106680 
3445861540 
2005244391 
874710411 
362015344 
1233368090 
4175309841 
1815026999 
3265439377 
2465938543 
1580243835 
378448110 
4126888104 
2601565148 
2537696110 
3742427075 
4197989788 
1368470088 
2138772995 
1445466811 
3598370668 
1838450792 
4039288620 
2005198629 
895113480 
671686186 
571143859 
3137592632 
1792085 
3331116285 
95950024 
164859617 
2290352985 
788653660 
2815252898 
3889533945 
1573350907 
1147827305 
4292150234 
4071990951 
2100334289 
859938802 
1130337134 
1380589162 
4262620598 
3892307118 
338431476 
1190382608 
1167904589 
835928448 
2587552660 
3151762348 
3691516550 
1285800221 
3147373489 
3575313655 
2777436103 
224010318 
3789005201 
3962296142 
2906492348 
3521985621 
811553308 
3785390304 
4159222277 
758662001 
4232360184 
1363597422 
3645833092 
3644532229 
3716981939 
3508710590 
1561239634 
3199434593 
3162399065 
1800053312 
533181641 
1495291974 
2479890083 
2422267564 
1497490985 
3386877798 
4047111984 
714150777 
1595631071 
3659793372 
3951433205 
3995078339 
1871336064 
96191872 
493563867 
3108402539 
878412212 
3359862784 
3358603772 
932562934 
1514714386 
2922055721 
3279330153 
2972114553 
3910676323 
1300124164 
604222433 
830730964 
4266519957 
3081109750 
307674370 
1609607768 
2240513455 
2694229700 
1489208816 
1124060334 
1090975970 
774125352 
3250531624 
1372199114 
2524350679 
548532088 
3494666941 
4034953909 
2098892020 
4190539814 
678056296 
1923308204 
726069929 
100627592 
3820681959 
3888102493 
4022516531 
2275575257 
712593863 
1878365663 
182578179 
574707698 
1550657267 
354889081 
222543241 
3523403006 
3124928323 
1256776555 
778160266 
3901134293 
1910380107 
3582227548 
3553070091 
2780594139 
448507714 
833919488 
3055392116 
1560469579 
1835424779 
58055937 
2880054840 
4184301322 
3456002690 
3912169776 
4265569910 
1929786521 
905403211 
2894982025 
2795275536 
3940693284 
2139508166 
1422407272 
3718566699 
1560226166 
1860272522 
503888299 
942547744 
1945756103 
2007132308 
621150499 
197401416 
3521311299 
2778331047 
1056907090 
334060907 
2712067648 
2771061787 
3261945747 
4030392940 
2953283043 
3030583297 
1477622806 
3420275091 
3846680517 
3869115000 
963068525 
2067611878 
1160493861 
3186350295 
1411467336 
2852447464 
3575357373 
4201851577 
1095175516 
2383504663 
437966577 
1462774514 
1580751602 
3651830930 
980323458 
1471036614 
3203204646 
2690807249 
767007659 
3851110255 
89192911 
215701986 
2420735771 
3206099157 
1211558094 
3731291744 
1977775249 
3011808269 
668459098 
2479815968 
4032926737 
1973915394 
3412059875 
2358115964 
4134347989 
227199686 
2157883529 
1264688727 
2295682135 
3741640056 
128356221 
2897606610 
1487878350 
2830660108 
4077822375 
1780224081 
533877465 
273425120 
1537791600 
974202382 
2439221862 
724927397 
3067699783 
1674949711 
2357764069 
887678584 
3636326961 
867618975 
3795708435 
91725445 
3329577957 
2434309858 
2707741548 
4292950213 
3400086276 
4212008098 
2896470235 
1177123054 
2218212417 
3775306739 
2216427350 
3295850031 
3135334049 
1522525359 
3250184231 
1073593125 
1152662966 
3849982543 
352436342 
2769343159 
149656966 
1992375625 
4111655013 
2541309646 
1848313326 
792791398 
1851958825 
2578653785 
4235538718 
3370009744 
3547644175 
4187957942 
550360855 
20466301 
628955858 
1828063945 
3893016628 
3721700808 
4092680635 
274865210 
3670163696 
1148863445 
534474979 
3142664491 
3147520312 
2748568248 
1927009088 
2977021218 
3456815384 
1212500974 
2455020285 
898766431 
1390701466 
541722687 
3067891526 
2105021662 
667119975 
2585574383 
3288882258 
3024972249 
1213789351 
2046127829 
955448135 
3260431097 
4175978845 
1103259008 
50356203 
3982747412 
3298918457 
1958043952 
4084105623 
4177203139 
272954070 
1605266118 
610376377 
3753765093 
3149950173 
3465699939 
198965834 
2905235117 
1417141040 
3409467386 
1663538688 
684644386 
3549538659 
70881988 
2873777165 
2075178835 
2153067968 
725046591 
3368365618 
3407035374 
3792683686 
4187701831 
3036368399 
2535242825 
3566835936 
2890845724 
3025244419 
577221701 
1537564170 
4074354692 
4212167142 
1429640193 
3393768654 
1070741657 
1574135403 
1447233151 
1974908497 
1427626459 
2215857645 
4166134918 
1524862761 
3367561359 
928705586 
1449673954 
1281812899 
1568563129 
2692247506 
314879393 
2031236497 
77047397 
1944248180 
1893803179 
3042948046 
4259502380 
3206249069 
4178747559 
3629462625 
318637685 
4027568395 
1712275572 
553109722 
2494489678 
2421321429 
2693670324 
2467361859 
3086882349 
2624898357 
2375376628 
3555146506 
3840178181 
1753852309 
705434302 
2847298963 
502520643 
2627632540 
248661143 
2971734657 
3635250519 
299128982 
3030637547 
1229225869 
4006350774 
1643256982 
1266678567 
4232862733 
725151898 
1282639020 
941896453 
3650477341 
1044628623 
3946139273 
2291612532 
2464685018 
3974814376 
2429284059 
2902755836 
2815063386 
2206846774 
1711959976 
3672172773 
2239646734 
189672547 
1494345869 
1712919699 
3164409606 
2732276630 
339557215 
95271365 
1396193529 
3435608542 
2378853346 
4169069399 
1637108981 
1427509037 
3844750820 
3110336672 
276603618 
34382672 
2008044830 
2897687911 
2206936974 
776029643 
1193000129 
1220295121 
3999223333 
2273680062 
3495555844 
1313459743 
3063810762 
3306409531 
1060375613 
2887392109 
2466713036 
2751792801 
817606676 
780066188 
1137849258 
3420073862 
1694662870 
2493775964 
649561098 
567099214 
3057230793 
1722301042 
1626595757 
2160229845 
30153589 
1402140222 
743056652 
4093606342 
2466970147 
3816092342 
3306995393 
2253007345 
250854614 
4249486004 
1528152281 
3398785484 
2530486771 
592081960 
2703323940 
2157021953 
3535550877 
3636171955 
2244740779 
2143318728 
1281953294 
1306955062 
3619765792 
3154951553 
4174807106 
3612817929 
90207770 
3445255125 
1171606209 
959466597 
344053781 
2729337673 
3449880201 
2703273392 
1165218287 
2370791143 
2354139792 
2700474287 
346511018 
2355972352 
322500100 
966514000 
1985532107 
3151418992 
3936523298 
3953917598 
277908728 
2179621925 
815529407 
2871365685 
924834801 
260987946 
1105559000 
1417956936 
1227083613 
114333363 
2576410404 
2615549582 
2302464321 
626928739 
2417144063 
978997276 
3724127744 
163945176 
260264361 
2368132329 
837057684 
3722713456 
1386835001 
3768592110 
771284321 
4261095899 
4179004880 
3484695490 
2805013334 
3692354282 
2516681187 
2708602960 
1970265032 
2625525151 
2663491872 
3456488271 
3116959592 
3580679872 
1582135475 
3520591254 
2918932084 
3951345348 
459947250 
3234894345 
1599786037 
894078480 
1553401693 
1016121116 
3107416899 
263290692 
321373942 
4081184675 
3832888180 
3270282929 
1535077041 
3477058431 
159990376 
497028794 
1402446188 
3288936768 
2406876055 
2425955733 
1734055341 
4033476039 
510736591 
3533814803 
2043610028 
2439208594 
525615594 
1860728222 
72226681 
3163870845 
4294410654 
3798741282 
1214993646 
1395032937 
4280840216 
2571965514 
1614286795 
3483584295 
340450068 
1377181976 
809479619 
1919959410 
2116759764 
2832477301 
3208759502 
2596438581 
1600966187 
4120616614 
2043287834 
2844891238 
4261965089 
4188675311 
3696785959 
3458803233 
1824196521 
2658330762 
1649217303 
4142027066 
976828075 
1830463308 
1325433225 
2054872030 
3203104110 
2527661571 
3817234140 
3675966035 
2263160785 
2225709788 
2742102142 
3083876555 
4083335949 
3603514479 
2077293705 
4118613435 
1467913569 
4081223782 
275897461 
1342294348 
3402735029 
1268252531 
3214041586 
614999161 
250752277 
1675730106 
1196988026 
2076351028 
747967467 
3680357029 
2255247790 
2770202308 
3075741549 
2101920418 
4039093243 
1844403027 
2158803751 
334299422 
1704904196 
2034139581 
814253820 
3994006205 
360200501 
2831225871 
1463501669 
2856655812 
4119621552 
4188571201 
36145901 
2514032612 
1989698185 
4279342275 
922790819 
2877321682 
3643285399 
3423234527 
2807560132 
1328417040 
1673149413 
850433195 
1429819848 
3012132380 
3954301773 
1676986423 
1336998140 
184875432 
1213885923 
1387950328 
1656411928 
1787275257 
1905078840 
979720495 
1543887597 
4174809880 
654155692 
4154790688 
862473687 
1181698818 
642661355 
4267886037 
4135076307 
1453461108 
410598637 
3861197453 
3265929592 
461352399 
1092665076 
1740895485 
1056008011 
1265556421 
1204996430 
1391097695 
2261442697 
861638112 
972706561 
1853645374 
3317397559 
480399725 
1242334031 
517644125 
2840990726 
550928004 
