3578780364 
790094726 
734898598 
3937800060 
3859427089 
157147488 
2735358208 
1523939777 
3189203213 
732484509 
2541234235 
3804320450 
1906164282 
2758915825 
2438937314 
4273730600 
1515435945 
3661495359 
3380653968 
2031142114 
3739349689 
3165196189 
499971150 
2419345114 
1462071658 
4171448409 
3932930204 
710151741 
3093661130 
582125923 
2058656022 
3336251093 
2558573341 
163783382 
602982404 
1639383521 
2309223270 
3170024094 
823862402 
761480897 
2238547073 
1945243539 
688564003 
1976703362 
3002687575 
21195243 
1559052620 
1774748041 
2093114236 
3554861975 
2151315896 
2723497546 
3974706919 
3625928808 
226014612 
4110108008 
3697606392 
185744123 
296237631 
2250700548 
1381762438 
4046249825 
2897175189 
2781477566 
297759732 
1909177447 
3102077193 
795918526 
1415499770 
2473185802 
3963707506 
1264628518 
526638931 
3068179315 
1751249682 
2713919687 
4079547952 
2193672420 
601475426 
331497869 
1519559243 
2532945640 
276129019 
2799150823 
3919100194 
1215455694 
2084174352 
1637925475 
1241286784 
713165589 
902676916 
298302219 
3461436903 
711484040 
4251155489 
1133674658 
3687789063 
2763269049 
3292934492 
436602317 
2424064607 
674490855 
3969095964 
3233984000 
2517064803 
2798223409 
2612947053 
63387322 
3516947930 
3893485958 
3460484097 
1183725770 
1423484449 
3074915843 
1056575326 
2830823519 
3018081515 
200172385 
2734705342 
1414684228 
624730492 
4080865215 
4083008028 
2608641115 
967406419 
4262643165 
1147674842 
2550196789 
2945590221 
2095810485 
3942974827 
2552845511 
1996477383 
659160850 
2046981537 
3768811881 
2938484957 
2239550240 
2626199292 
449130890 
399724896 
3715102040 
430888301 
4053542724 
2621347556 
2418151245 
43608207 
2883799539 
1468982999 
4276900513 
633566554 
754298341 
1268720682 
4135501111 
1360158756 
52887570 
2220047075 
975892911 
3993886918 
2533636023 
3168267562 
2131374000 
651777944 
2093626351 
3717557381 
1136443266 
2988915028 
3792744750 
1738192611 
3156536718 
619180663 
2013846437 
2958571702 
1900469020 
1197370692 
1972954506 
2773731100 
47331188 
2340329172 
218843985 
1570414751 
303559631 
3051772155 
2786326425 
2209800114 
1999762000 
2538111800 
3825536879 
1878242764 
1978412727 
23300866 
1339658330 
2819649388 
301213228 
2693245398 
3382306177 
4180800525 
3993403586 
2250304413 
2494803757 
2177199008 
1567952822 
1075469627 
2904537681 
4055225485 
884557548 
497277128 
2217341054 
2732251186 
1665817233 
1571605074 
3127145109 
471652972 
1704082619 
2509899177 
4250085097 
1327684204 
701002086 
999464303 
3407309550 
1503741079 
1012117564 
3154374627 
755335162 
3151214341 
1783457427 
432492791 
1364706718 
4041160534 
2381311574 
2331717939 
3071140761 
1244713929 
3351741181 
1392774986 
3627958786 
477723971 
699494966 
3524118301 
496615918 
3089152593 
1514262058 
142016875 
3894633802 
2200686542 
2519395171 
527777486 
2991928512 
297583245 
3025063003 
806730308 
3800009935 
2495096014 
2507546263 
3814816623 
3982204313 
524670250 
2173733317 
1208809833 
3964534583 
3416504847 
2766446983 
1298770551 
3264400735 
3053364254 
3484340628 
209846776 
1372401113 
2181332066 
1051852066 
3243559367 
2547415301 
3638375108 
1976390287 
3319511355 
594150756 
3068951989 
2425118812 
324194587 
2161671497 
2142840637 
1788110287 
3123886277 
4077656107 
3397337602 
3013497452 
627732058 
3265824550 
1673380547 
1711540519 
2252695976 
952303826 
3900675039 
1393056553 
1391869277 
519231532 
3602841951 
3601819489 
2271874612 
2213099273 
1507036981 
1805702274 
2091022166 
332903079 
691308937 
2146665443 
1971680603 
723883290 
4136839857 
2969292964 
4291013461 
3149046668 
97347791 
2578061799 
2225474966 
30251534 
179200664 
3039467384 
3278103573 
1618822226 
4078661776 
189740080 
1567847671 
29683839 
3159626141 
923222173 
1389418631 
1432205553 
420254976 
107063101 
4066338637 
454847417 
2777057975 
4026860315 
2663134797 
1405824647 
1259415173 
1960268459 
3403299962 
2245053864 
1175678086 
2736606323 
2757225311 
1266370486 
3533443728 
2009622986 
28948778 
3949066555 
1109730119 
280253865 
67120841 
3719301042 
2719887280 
668090020 
2376458604 
4109276545 
1526989169 
4065807509 
1573132485 
1843674679 
725469354 
1612944299 
1154880293 
1980053322 
442607068 
19111299 
4012118775 
276402516 
1059436265 
1082322977 
2554994814 
1421227316 
1809840299 
2033746196 
3451178908 
1351531922 
1791022682 
578208694 
543662048 
2920127692 
2556619131 
3245779415 
2362614128 
3391446326 
2398640543 
208702291 
3317263896 
1612187773 
3812376882 
1526454648 
3217351122 
1573602160 
1310193326 
3299096826 
4188171142 
921837186 
1792034590 
60306685 
753682385 
1576142702 
2681137033 
1589521295 
1362955111 
1070767852 
1995285132 
3267491944 
4252378107 
2435922774 
923501927 
3732303952 
2752389991 
2306242057 
2443596638 
3478868208 
1878463438 
1933855711 
2632558192 
3662515249 
1964938416 
4077095804 
2245670997 
693384143 
2956705766 
442393388 
986505211 
3769127728 
195512906 
282886101 
3310483403 
2897676230 
3441862238 
696395901 
2919402477 
1530086351 
4261846643 
3116655974 
2853344071 
3540951436 
2475337906 
1631429969 
2646796869 
1855275620 
1153265644 
3430791766 
29673402 
2756597867 
3524862266 
108913579 
136669386 
1920860822 
87175028 
2696290877 
2449868008 
1459794901 
706300769 
3389990941 
928580919 
3134751547 
1634168654 
2839581266 
3235436908 
3236753070 
2121500704 
1963112197 
1168905722 
2942459537 
3695027860 
3034809839 
2807862056 
846090419 
2318812720 
2109751535 
2556078854 
2967932655 
765587218 
1504264379 
3366459138 
944587791 
279640452 
3783023839 
1072343805 
2160217047 
1234388508 
446125168 
3796468934 
969167367 
51692068 
3564408613 
91969097 
1620684050 
3869463568 
937809454 
1502970846 
324740261 
1111230712 
714941511 
3700181558 
816364999 
280115505 
1379783933 
2471674007 
929907963 
1701464458 
1445094451 
4076545309 
2876722062 
1801362979 
392801476 
1407657007 
3665493916 
2469311987 
3060634531 
2460769579 
2861024539 
2258147932 
1003933227 
1100209142 
392103459 
4187962127 
1829781791 
2544764313 
2451250036 
4101901449 
3512654373 
3760629964 
3155956242 
2859672730 
4008532460 
4250018017 
2557464702 
1236678700 
4027822647 
2796252273 
158772122 
3475109106 
2678990622 
2863878444 
3815717717 
3015373850 
4265680230 
2719639655 
1239117555 
374633158 
1093527779 
3992142475 
2225449983 
1786795951 
2612445128 
2124165995 
2567412693 
2658943194 
945785180 
1414769238 
3534541243 
381513404 
30290714 
4199333203 
2737144607 
1864070593 
1903709134 
3568547120 
3690346788 
1794768975 
1336533549 
1229478601 
3433741270 
4063957042 
523308084 
2635819303 
2931942784 
1882565133 
2152429369 
1525128816 
2154539374 
3327218655 
887729136 
2726319359 
3043719022 
1287983094 
946501249 
1024084133 
82413163 
1603415110 
3508951598 
2428766358 
3786340331 
2268172397 
4248624963 
4117702255 
3814805036 
1022000776 
2256817912 
1029692686 
885475664 
3594524184 
1025095531 
2476705821 
4148849462 
4207577944 
239967159 
3381511501 
3965313382 
2394008436 
4023533388 
1437221384 
3344973002 
251498078 
3021705672 
3497623545 
3349137648 
860587152 
1269058605 
997907939 
1363571177 
1490564524 
2969283079 
2035907788 
1414715754 
366859203 
3072881192 
3349187309 
3598160882 
1613463691 
3114844623 
1089593542 
205515535 
3641010427 
975683962 
4051016742 
1733968543 
3064419851 
3964404576 
3933397823 
1608602860 
621789152 
283793137 
2689464680 
1745261183 
1373684847 
20105893 
1682158446 
2955482817 
3464962172 
2544969318 
511451302 
2547366108 
946117902 
2771946236 
1116449344 
1224572244 
1296850108 
1085816911 
205027635 
112281106 
2305403593 
4012301960 
3870272659 
1171445791 
786613347 
3710533152 
630357558 
3039832540 
3654000617 
150478224 
321839603 
2729806349 
3542726191 
2625917984 
2529330284 
1737421275 
2430057537 
3175008162 
2757118490 
3085138207 
2149605523 
1384033778 
3384453776 
3336467562 
3642004990 
2251177298 
2622795999 
1641182201 
2407879545 
2908966769 
3124673047 
1423944575 
1185755471 
3874697195 
2696152050 
2151617579 
2311107844 
1947757985 
2966590997 
2202485883 
4026972585 
4265044471 
1733565016 
3530875941 
1757858869 
1871236879 
4138761808 
1212183456 
1036846684 
3022015383 
1247201442 
3489220515 
150074773 
2701630948 
337060747 
250798283 
941953305 
1341718293 
3693618918 
1202267304 
4017160921 
1645723755 
3103501187 
832486435 
3704468807 
2076652592 
3543545076 
948840242 
3474935169 
312499869 
3345033472 
2942290902 
1643289366 
3166375708 
2337013747 
3931598212 
2233072408 
4148526123 
4164276767 
3051459076 
1370804615 
2281581922 
3157605222 
3236141424 
2140598437 
1158174795 
2543623696 
2185607124 
3127484396 
1501275413 
2412111293 
2439761559 
1639918198 
2004152179 
3115604211 
2994370024 
3363411766 
4118118860 
2192232504 
2793656563 
599835265 
227796973 
2613255157 
255161436 
670051119 
2417814870 
3417169875 
1933243035 
3968912524 
4060072117 
170967235 
3398746706 
3839196818 
1589991269 
1615921267 
3474643137 
2098476712 
1065435789 
2525355386 
1958471348 
198737087 
267560214 
3802197352 
2725080558 
1730153006 
2040361246 
2954026950 
496038037 
84485776 
2731175869 
3697580150 
3190613787 
2344253008 
2522574970 
1528510441 
1329911438 
3439062700 
355891988 
1474428295 
3350966645 
57417776 
1124564208 
2060173924 
3378822864 
1015815550 
217869522 
1739783032 
1595805513 
2745831145 
4190193043 
244904631 
769543665 
1002748964 
1295933127 
2440442306 
1432765710 
3815101449 
2056513819 
2137635004 
963522263 
3217123114 
1518303007 
3163520191 
1366096082 
3356618606 
485294082 
624320589 
2255962719 
3002757587 
3914032896 
2492655477 
1816192292 
2133789412 
4150068873 
3647945034 
3856807536 
368817276 
2622368051 
3154457586 
3574446718 
1848805444 
1628784087 
1119071892 
1852281468 
396532402 
4217954357 
2931635869 
919676715 
2226791362 
2600267930 
853104476 
2232160070 
736027528 
3050243790 
2940416959 
4280888712 
3578050456 
1049876455 
368359394 
2202952614 
3259554181 
382951780 
76486565 
3536901978 
2722488045 
2564203185 
2717390478 
2564020625 
666455336 
2348701857 
771200663 
2457992645 
2959527064 
3774542219 
3442582522 
2214338082 
739468461 
561881566 
3520945331 
499231310 
3174340510 
3396347335 
1529069967 
4061547064 
256066655 
659641117 
2213326492 
1653237837 
581358515 
2720707912 
1751674855 
217230456 
3760375318 
2034270395 
3130897281 
4271994390 
2985497294 
3837870064 
1211350306 
1901220785 
4082534629 
3478641145 
3705196729 
303480030 
887839681 
99524282 
1601669516 
1221049540 
3301576297 
3684692985 
1012005045 
4046074332 
286255015 
2638338269 
259031709 
1295500572 
2344200520 
1716304980 
2285070558 
974549876 
1342140176 
3364251735 
1062637965 
2090742250 
1886958136 
3031360571 
1517239965 
769078755 
691560004 
1250982016 
1128884886 
3168732613 
1226366027 
2711916094 
2647750722 
2764459466 
594223141 
2937965171 
870151982 
3439776435 
2917881126 
1464418251 
68905406 
420403077 
683066353 
1009571703 
1783474945 
1875774617 
2713041580 
574548944 
1229911279 
4078670574 
264996349 
3098657816 
2785879669 
495380151 
2932480925 
1476977394 
2566506852 
2577705255 
4177371259 
1355429937 
2240575542 
2342542734 
3047692707 
624597621 
2197457092 
2164066042 
1837531611 
3732474045 
3772242798 
1541070170 
1975153562 
2400744355 
170555034 
3842625759 
671405362 
640807662 
2223462247 
1828895668 
1984305049 
905036016 
3951098231 
2703071332 
4198707093 
1720408993 
783261617 
2541899778 
2981584522 
770390852 
846799703 
746650034 
2229516421 
1277930457 
3086911686 
1222273480 
3191116843 
1125618515 
2296534982 
3488529187 
77439222 
731128805 
3816758716 
591894093 
1406637129 
121139881 
3170176187 
2414878528 
1108527424 
1005326595 
2677250973 
3279398480 
1332171766 
3337814631 
2034518286 
3826596261 
621654008 
844764942 
1376624441 
1755698191 
1190738842 
946298922 
2918148932 
3881067129 
1125515210 
3967041662 
934569714 
854058990 
61715738 
2168935795 
